7289
5215
689
8891
5178
8932
7552
8643
57
7514
3615
2980
243
8127
3983
9138
9217
7600
10000
6939
1429
3540
5110
9600
2336
8327
6321
1300
807
6442
6973
5106
4583
8521
8006
676
8902
1533
6656
9777
3629
6147
1623
7366
1747
3004
6867
9657
6091
5574
6926
7354
7345
236
1608
4602
6160
634
5546
3168
1992
2052
650
6586
7470
8374
1231
2545
7701
2302
6
401
9916
6474
1188
3943
5639
7852
749
7835
6946
725
2820
6160
7283
2353
7683
5498
2272
1711
6653
4815
3281
6884
6355
577
4727
1104
2340
4619
5565
225
8216
6234
3790
4839
2543
6814
8872
6616
7525
17
5407
372
7754
4104
8276
6987
6399
7447
2311
6974
8818
9049
2747
7684
2046
320
4825
9486
6733
2730
7032
1581
9568
2949
7052
6802
7200
4724
7868
8838
6757
6339
7561
2747
9687
3799
7899
9603
7860
7706
8237
3823
2497
3317
1773
8491
7188
78
3165
2744
2161
9045
2717
8250
2148
1082
5661
8835
8399
1057
3437
1359
7812
5192
888
8066
3396
5272
4272
8495
2601
9018
2779
6107
4338
6940
6751
4481
2749
2372
4842
6550
8730
5909
3781
2176
12
5584
8041
2163
7891
6604
4163
2156
8793
5993
2564
2993
7082
417
1596
4792
8199
2384
7288
9656
572
6645
2921
894
3969
9050
9112
1328
4430
305
4695
903
1490
9039
9545
1688
6390
6798
6404
3731
1005
1949
3926
3409
8527
4074
1846
2455
5430
8131
8349
3984
9784
2105
1604
8570
6519
1911
2159
1183
9606
2162
7707
7575
2573
1216
4148
9836
5886
1710
2602
9726
24
1757
8773
7176
635
188
3078
8275
9342
9308
8400
3353
8446
6560
6359
5645
3112
9315
9864
2201
9721
4975
1145
5400
1828
3979
6594
7173
4564
1588
1277
3843
2930
672
2297
5839
8664
5647
6661
4643
3719
2755
651
2941
8150
8961
6827
1391
2428
647
5034
4151
5361
7953
6650
5954
3792
1911
7484
9021
191
5786
3187
5388
2770
4975
4923
158
1293
6442
8970
6785
1080
6335
1398
2674
5608
132
1495
5144
1883
3547
1869
8786
2228
2175
3637
5341
8969
3389
9881
4378
2889
9366
710
960
4097
6433
2930
110
1249
5974
2461
2756
8219
8936
7703
8930
9883
5539
8323
9072
3165
2214
2570
4304
1147
3362
371
801
9366
7813
1009
4230
664
6496
6765
1062
200
607
598
4885
4685
7818
8439
3443
2358
3239
2488
1764
2393
3587
9655
8176
3930
6337
7960
891
2526
178
7354
2407
1265
5606
557
8776
6645
5985
2049
728
5869
6849
832
125
4569
7423
447
2568
4994
7412
1136
8751
7976
1790
76
5822
3337
6628
5791
9641
2965
7622
9477
293
1376
984
2372
4664
6312
6817
569
589
1864
2766
1767
684
4524
7644
5341
2218
4662
6183
1496
8381
5521
2300
5785
9907
6515
7590
6280
1940
344
3639
3865
196
3452
884
1694
4990
265
2615
9645
6877
3219
6991
2931
3404
3296
5978
1593
4545
7564
6998
4503
1125
7339
213
7990
2232
5632
1983
6570
4546
5966
8044
3728
685
2749
4338
1763
4833
6992
1643
2677
5888
3700
6411
3549
8804
6443
97
7148
1765
4170
9404
1861
3903
5328
9728
1212
9123
6056
9128
2429
1741
720
830
2817
5927
4955
329
7212
5724
7332
9575
842
2286
3045
4475
7004
6620
5718
6776
1565
1694
1993
2895
6666
5619
9270
5221
8818
5278
1891
1065
394
1484
6150
1092
3732
7385
2798
9938
6832
1172
4478
6720
3091
8032
5260
2887
9144
8572
6921
2968
4949
516
3441
9063
8943
8857
8534
8477
3648
8224
7048
3625
88
6487
3384
3639
1313
4893
509
1428
4648
5602
9510
801
2761
6220
321
1606
7210
7291
6508
3032
2411
1712
3498
6686
5643
8186
3144
384
2927
8320
336
1969
1903
374
8670
9615
6481
3882
2753
7928
3307
958
8628
6944
5427
4475
9710
7152
904
2931
3287
5969
679
7128
3116
9401
6183
1852
5476
4773
1654
5992
3139
5672
2087
5985
6143
339
6236
7080
1234
5286
7921
96
384
2149
9977
8789
3641
1534
1325
6555
3953
2650
4257
5909
9214
3571
8601
5624
258
7349
2605
2799
41
1943
6585
912
9525
7308
5352
5582
3624
373
530
625
5681
825
1379
755
6604
552
2030
3980
7555
1356
962
5568
2985
9345
3403
6183
2873
1223
7404
365
4362
7942
6572
3659
3190
8353
1919
550
4635
6621
7335
1063
8849
4788
2378
2027
3517
3797
3509
7468
5493
6079
6385
6447
1589
2366
8021
9423
5522
4148
8220
7610
6461
7388
1849
250
3867
7019
7336
1511
9410
2951
6999
7451
1030
493
4565
7095
1877
3582
7641
196
7055
1610
4966
8956
6458
368
6813
457
1061
1283
4996
4590
4364
2257
9142
2086
635
3185
3548
5289
7366
9307
9578
6742
1257
9037
4540
3277
4075
8778
1538
8396
6649
8453
1690
1869
4992
1039
1069
6382
7466
5198
6525
1425
8669
2782
7646
853
7696
2444
3041
4309
3888
2192
4825
7871
914
1691
2216
9031
2313
2050
3705
3677
1034
1754
2084
4028
3326
1396
9005
5205
9529
330
9373
3836
409
8523
3478
4688
9904
9491
7153
9361
1397
831
2187
8989
9272
1600
3583
4572
7525
8782
2341
2397
4859
8526
9452
7104
1870
1175
2995
2453
5465
1297
3423
373
7656
1759
4152
2640
6164
6431
2228
2998
8288
3776
2504
1930
5188
9315
5180
4020
6616
3685
9806
4597
2356
5964
1482
1137
9766
6671
649
1800
5843
4587
9096
2421
8913
1331
9643
8507
1572
2776
689
7212
6152
2298
6312
509
943
2797
4084
8790
7994
6959
925
7838
5645
5897
2567
3463
9359
5205
967
7205
815
4095
2898
1428
9725
1567
4087
5307
5272
2677
8272
220
6388
6997
6612
7758
5631
1878
689
3132
1571
2598
4681
591
4734
4800
4250
9785
32
2352
9875
772
6725
3894
1876
7211
1605
3354
1317
2502
9832
7695
5721
9676
3597
1194
7796
5924
6236
6565
8698
9661
3227
79
4218
543
9214
9319
316
5873
7139
4713
231
6589
1197
4391
3622
2416
335
5836
2091
6006
171
4029
2629
4998
6651
4769
1182
937
2096
8739
2360
8289
3113
981
5145
1832
1031
5206
628
326
302
2679
7354
728
2510
4475
6273
9757
7667
6414
1332
3714
794
5288
1899
6736
390
8625
7788
708
433
3223
6466
64
7350
4061
9997
6113
8319
8391
8362
113
2346
4899
5189
2941
6834
6602
6812
313
4091
9048
3653
2738
4093
6951
1443
9972
1157
9155
2789
2366
825
1178
1888
3331
794
178
2702
5954
495
2207
1702
2264
7599
3813
2910
2196
2687
8939
9999
5227
1597
3185
600
1102
3116
7443
789
3689
1266
9310
3826
9485
734
9475
42
2032
2573
5674
2421
371
399
4633
449
6644
7429
7348
3855
9445
8174
8759
1138
8477
3683
4834
3412
1582
7727
1524
4474
4167
67
3067
2697
4858
7209
1323
5657
176
7783
685
6936
3132
3222
5514
9410
5949
868
2761
5520
9320
4823
741
1614
9638
2579
8258
4722
8938
2909
9665
346
517
2881
9890
2596
7725
5185
2873
1236
2907
3023
837
6498
1685
6510
7645
2242
8476
3987
27
7864
8438
977
2510
587
1118
3718
3210
6857
6074
1536
4211
9563
7453
996
5802
7483
6542
7488
4918
5363
2666
3631
1079
1048
5462
2925
2920
7607
5351
4363
2915
5007
7093
8406
8025
3295
925
2339
1537
4609
3414
1598
9377
3831
5286
7203
2315
4404
4518
988
2890
2703
4723
6445
6318
1924
343
5788
3411
251
3304
2772
8984
7997
3102
156
1423
8292
4363
4116
5040
1394
5062
3440
2324
3701
1624
1336
271
8409
3003
1518
6860
7391
2720
7042
6319
157
1424
8003
8599
998
9125
4262
1283
4811
2426
1004
1479
1905
5104
4527
2079
325
7106
2525
4851
1966
5211
889
3227
3170
8103
8958
7077
715
359
6965
8037
3707
3017
2057
7068
2910
2440
2617
2188
3120
5775
4238
7146
3775
9652
2253
4805
6977
9315
9439
7863
3032
2087
5935
8538
4821
2368
1076
2892
6204
1410
2032
7750
231
3115
9400
345
669
8471
356
4026
7524
311
2105
6480
9620
4575
1942
859
1086
3439
9884
5207
3549
1125
1442
7345
6428
336
759
9370
3465
776
6793
2762
8776
1692
9990
4599
3962
5276
8737
8453
6784
9641
8135
7712
170
7577
8050
1672
3781
7679
4685
8140
1781
9563
7722
3515
7983
222
6017
678
5418
3425
4537
5866
854
710
9980
7869
1326
6510
3286
5383
9354
2124
9278
6483
5001
3659
8232
4165
1421
2220
4250
4254
999
7474
2750
3006
868
9458
7208
2857
9992
7156
56
3646
2138
5807
5106
8372
9072
5893
2732
5749
621
9802
4839
304
4232
651
6114
4585
4526
8156
2411
6852
3323
4995
8776
7266
4469
4691
2581
427
6729
2603
6878
6477
7995
1841
8991
6195
6824
2745
2843
1514
126
1162
2010
4096
8527
1986
5126
7437
545
6873
2584
1111
5881
5092
9550
3232
4025
4555
2736
4243
2952
461
7267
224
721
2882
4845
1603
7519
6450
5354
2892
9879
6676
4799
186
9094
3929
1901
2713
1085
5130
536
9614
4650
1871
2025
9936
2777
1361
6160
2570
6522
8098
2222
78
6773
9452
3762
2268
1867
7528
7970
9427
6047
3264
637
5543
3222
8342
1807
9732
5754
7207
2692
9586
613
1194
2960
6361
2588
3869
927
8311
1385
9106
7016
8416
2302
4054
4727
2197
2199
8259
2668
7848
1727
2598
3774
4543
1509
7155
4483
3303
7249
3831
7828
122
6370
5599
2317
820
7786
8359
2995
7315
2028
982
121
2477
7620
2872
6308
3879
312
7595
158
9747
6942
4494
9112
3433
2334
7895
5539
9257
3497
2180
4304
6031
9530
6613
6022
9880
4091
9256
677
4533
715
6820
4281
4990
8272
9610
4961
6137
9624
6248
2656
9435
1412
3520
3908
1405
7382
922
2085
4451
9354
8645
1136
1225
1011
2435
9813
8366
2456
5734
2941
5094
8559
1477
3744
6939
8424
3348
6726
7972
1326
3299
8348
5016
9017
693
537
3989
1655
9427
9970
2300
3836
6066
2459
4255
2280
5795
9856
4894
2456
6186
8339
3230
7215
6481
5957
3099
1943
686
8298
3023
2690
6194
9688
2852
3334
9011
6497
2422
696
9436
3778
6173
5656
2035
4763
3850
3646
7788
6591
9103
1667
2684
7774
8884
8884
5121
5410
9271
9618
7440
1494
2339
1533
6910
2334
5861
2098
5155
1634
9819
6130
5340
2365
4301
453
7824
6886
3377
431
2342
9196
8890
754
6517
2807
8336
9076
4587
7021
2278
1939
338
4946
1608
6214
5792
6212
2451
5509
5022
3686
1161
7356
8827
5018
2101
796
3922
8325
3613
6802
681
8349
8710
8380
3723
7350
811
3849
9369
5518
9969
6321
860
710
3925
5637
6014
9986
2055
2392
6490
2739
4379
7086
7185
3603
7085
6179
7263
5391
7205
1936
5165
700
5739
137
8488
435
173
2571
9553
1599
5679
1572
9703
426
4258
7555
3586
3826
7896
9570
1121
4001
9271
1344
534
414
9484
3028
4000
590
4210
1087
986
4399
3715
242
2514
678
2157
7920
2525
9159
4841
1733
8473
853
520
4727
115
6635
1455
2491
5225
570
278
2235
7363
6484
3323
4695
5038
7704
4859
58
3400
9103
7396
8142
3955
119
2676
354
2340
1901
2838
2235
6299
9408
6959
5993
4504
3284
772
6300
6028
2357
4783
1334
686
9884
6417
1458
2191
3942
8489
3494
496
435
2566
213
1874
7613
5050
1944
2046
6730
4383
974
3222
7555
6303
3506
6795
2918
9374
5836
2737
5465
6506
7370
4656
1888
4839
3295
3725
8864
7380
5517
5960
8293
498
4224
5623
2673
1702
7003
8594
2054
9676
4471
4032
182
4846
7192
7091
3417
1814
99
6544
7279
2113
1309
3490
8038
5684
7110
8190
7150
147
4630
9081
8539
1791
406
5465
7163
5232
5922
6234
553
9940
7245
7203
4529
1831
3062
8328
8629
6435
2249
9553
1375
2905
201
4234
9847
7073
1197
9516
8600
3887
7113
9212
5774
9767
5919
882
5299
5649
2405
4813
2571
192
2440
3190
187
1136
7665
9042
9441
7070
3447
8619
912
2061
4406
9537
331
8150
1854
9149
2597
2031
7023
8535
8870
7071
9315
569
1953
4833
700
9779
1027
3703
2897
8896
4638
1281
867
5065
9943
6879
708
7048
4172
5699
4826
2112
1242
9082
8465
2219
4718
8188
4495
4836
5435
9073
4379
2438
8812
7607
5600
6644
2042
306
1151
7675
7712
964
3075
3365
2957
4509
3513
4592
4553
9043
143
3038
5836
1061
1180
301
1819
605
5745
8730
6277
4933
9054
849
8221
5132
744
3753
3240
2553
3898
4862
4362
5214
8010
3742
1116
9632
1037
2985
7808
4726
653
6226
6104
6305
6009
2491
4180
2171
4766
6432
2011
371
5445
2147
4876
4279
2013
7816
8213
6787
7530
2241
4660
7545
9934
525
4715
2945
1080
7644
345
8324
1658
118
2775
8051
6959
6029
1665
3182
3325
1456
6454
3826
5351
9122
8593
8257
6902
5610
7593
5912
2600
3580
6565
573
9193
4712
8324
8936
3906
8737
2620
1748
1776
2593
8082
7798
9431
2907
7561
1341
7574
5681
2158
298
7500
8247
4308
3218
683
3975
5211
8321
2123
3559
4855
8786
3907
9064
781
348
2244
112
4049
7087
2934
7755
2990
3600
216
1565
6438
8993
369
6587
5947
3044
316
3514
2076
9953
1940
888
6404
662
4972
4378
4960
2383
5506
7478
1360
8182
7445
4834
8095
3836
373
3612
4438
9001
6874
9659
9054
3121
1719
8950
613
3576
3616
2596
4307
1126
7034
1619
5244
8910
3554
1917
7433
7900
1504
1144
9139
2766
557
7949
3343
3364
9876
1004
9169
1338
2821
1293
5754
8118
6639
3146
451
2733
9679
9611
1295
2347
1172
7042
75
1762
3365
8504
5178
4818
4421
2392
6399
7146
2325
5419
9033
7215
539
835
1590
8971
3938
9788
2001
3015
7922
7919
1262
4076
4945
665
2921
1093
7338
859
5209
4473
2365
5684
3450
7257
5623
844
4155
933
7652
7954
6757
1572
9234
2377
382
1283
3032
446
5613
4253
9975
6541
2046
4956
8319
8308
9720
6719
1829
5144
3694
556
979
9751
931
3976
4256
8958
7697
9221
1138
2716
7691
7259
4450
9430
1265
5915
4303
2252
7828
5679
2214
3420
1611
6518
4560
4310
4582
4287
7019
3728
81
4547
5486
7915
347
5608
5544
4789
8279
899
1544
8848
3666
2509
6914
9698
391
1530
9952
639
3935
246
7367
3028
6429
5393
9196
9654
2745
5197
295
7115
427
2005
166
9366
5083
8496
2485
4761
1430
1414
93
6405
1636
7426
3434
5414
2647
6121
8034
1325
9878
9386
7011
5438
2779
2006
6380
1771
106
1026
5118
336
3988
2282
692
2514
3643
5321
6929
9825
5878
3399
6633
197
8135
5057
6899
9944
2731
4863
1837
2640
6721
5330
4961
8016
2911
573
9958
7311
9377
757
8266
6793
7060
7452
9663
6677
4114
1706
2963
2071
4623
4349
9013
1479
356
323
5204
3954
3001
5029
1578
5966
5112
6023
6649
9268
7807
797
7941
2137
1158
784
4290
9949
1906
1680
9375
1465
8010
2380
3524
8114
2168
4481
936
7955
2306
2784
2325
6474
2858
9379
6096
8065
3586
4048
9748
7760
7188
6174
798
1329
6705
3832
9359
8868
9528
4625
9053
165
889
5015
7627
8474
3451
570
1338
9313
1419
2175
5551
3834
3206
4464
9463
3216
1336
6630
777
2126
2278
1226
3163
6415
4089
8343
9112
2679
5196
4197
2080
6976
4504
9154
3760
8199
5982
2113
6083
1689
1941
104
2713
3496
8148
5092
2680
2147
8834
5632
2336
4900
5804
1494
9363
5371
9271
4629
8037
1644
151
2100
1536
6388
1887
8982
7563
706
7706
702
2428
7667
1545
2820
4955
222
3294
9865
3673
2034
2744
3095
6498
7612
9232
3549
5119
925
563
3178
6702
556
1601
3831
197
1032
5030
1626
4149
5009
839
7880
92
4583
4719
2283
1198
4371
8522
2868
1765
6501
2082
2931
6950
8461
9992
2213
8613
9486
1397
813
684
9807
9330
374
5000
3828
9973
551
245
7421
796
1752
2955
3454
3839
4020
1977
9134
9681
7520
8737
6692
2679
3691
692
175
9789
6102
4959
3908
8629
2838
1638
926
5249
6504
7040
3072
643
2164
355
9855
35
4213
7362
1742
6401
6504
7300
3305
8587
2723
6071
1895
9329
6872
2500
1082
6295
4857
3429
4568
7627
894
8996
7199
6615
5253
2646
1812
8857
7514
6760
7053
9746
2648
8280
1664
2252
78
8792
5739
4095
5637
3870
6150
8102
3073
7695
7878
8685
9142
2990
9987
2718
4029
3807
3051
1116
8983
4001
5080
6015
2289
6123
2128
7090
2696
5910
9117
1897
799
8619
892
1031
2751
7471
9945
5727
3071
444
4555
409
7876
9538
3435
7815
4234
9358
2971
712
7235
1289
1589
1405
6816
4580
8257
731
2094
1842
6443
9888
5522
9496
8820
5721
3273
6368
216
6819
9513
2692
705
2577
1004
3129
4634
9182
9838
5017
9814
3331
4420
8854
6497
9435
8831
7116
8679
8068
1298
134
740
6969
6816
7444
9643
462
2970
6987
3116
44
5224
6926
8752
1646
5029
9051
9750
8203
9344
3465
3731
8404
7664
5201
9717
6864
3479
2026
5001
775
1787
3466
5550
3468
4657
9033
3546
9054
5866
2680
9547
3024
4899
1714
6720
8968
1944
8449
6937
4149
8665
7925
476
6869
5119
8529
2074
5573
544
2614
8897
954
8833
5284
8099
2064
8124
4142
1847
6801
7011
6493
1326
7432
3411
6168
2697
5703
4764
7699
794
1413
1120
4933
1400
5628
8730
1198
1910
2562
7217
3801
7638
3286
5965
2126
362
558
9242
5963
8699
511
2475
2868
9486
60
272
2713
372
8978
298
7335
5136
3972
6366
1570
7919
3090
1465
8033
8483
2719
2563
5514
4096
115
503
5759
7995
7406
6370
8233
2783
7423
2122
1477
7041
1124
6865
4316
9031
4658
6378
7591
2997
6456
2539
994
4280
1935
4547
5249
263
516
3054
3761
8439
825
8023
4880
1405
648
6349
5231
3913
4586
8537
3382
689
2120
4751
4489
5259
112
6323
2858
3856
3081
6878
4144
5869
2506
2993
1526
476
5544
5337
5094
6435
767
7891
2344
9146
3444
2354
85
7507
5016
6399
6577
1877
3503
2897
2825
6777
4210
13
7225
3641
3185
4031
2497
2597
7725
74
9705
3257
8053
700
9378
2220
4031
4966
7935
7289
4074
4970
932
3507
7697
5878
1517
5733
2546
2144
2227
8600
9024
1122
8939
5800
6758
520
9151
9977
3710
5623
2321
4725
5105
9536
4252
9994
1743
3430
3901
8354
5937
7725
1987
5763
8653
2627
7283
6600
8873
739
607
8575
900
503
8712
9157
3378
5806
9441
1887
8086
9423
534
7450
1653
5181
8973
4021
2696
2955
3883
1309
7554
7714
5242
9881
9875
4400
954
8040
2764
1571
4726
5688
7684
9415
5880
2824
4971
1228
2015
9504
7213
3355
9040
8751
3305
5610
2267
4165
1026
4239
1216
4339
9797
513
1538
5375
9324
1669
8234
60
4083
7704
9119
3450
425
760
5012
6826
4122
5528
7138
9604
6186
7555
88
4092
9716
3440
7248
8658
2996
8999
6165
4842
8658
804
2258
1820
9232
1465
7292
7420
3349
1305
7170
6508
9979
2306
7603
3169
5766
2090
4545
1796
1607
4878
2229
3689
1200
8695
2036
3029
216
9982
5920
6667
784
7904
1026
8856
567
773
7686
3024
668
254
4503
6808
7634
78
3774
3078
7193
1707
5589
4054
1578
3045
4336
9742
419
3270
8062
8404
1956
3721
7371
2879
9641
4080
1386
1723
8569
4209
1443
64
4030
8769
8359
1893
6182
2820
1643
1458
809
7043
9396
8883
7404
6959
6048
2596
694
4773
70
8745
4529
2243
8798
8524
3811
7930
3587
1261
6141
3572
4744
7109
1012
1239
985
2139
2686
8603
7956
2427
2447
937
8408
2692
4661
3621
5629
2881
2161
4381
6116
842
2983
6898
943
2332
5303
3766
6724
8374
8765
7222
3471
3013
2613
9467
3478
3522
180
6524
4689
7627
6451
3638
5609
3648
3197
2750
1039
9374
2843
6214
2032
9857
8334
1758
1480
2245
173
5005
3206
2334
2351
4545
7663
7545
3883
7123
4709
4851
7662
1166
2440
4072
6125
7265
61
1054
523
627
7167
2835
8654
1799
2499
8245
5869
1920
2241
8193
5132
2471
3216
9709
7084
5946
9824
2458
3292
8055
4094
7764
3941
3674
4275
9068
1588
1347
5838
9816
6729
1787
5828
6009
2320
1769
7205
4061
6845
1808
1984
3782
2014
7163
3018
2667
4651
92
1083
8718
1665
7984
9897
3966
8256
679
185
5293
3618
51
1395
2133
2333
1792
1302
8086
9994
9699
4684
8195
4022
8565
1935
4606
2233
9186
2188
8977
2710
9436
567
975
9410
38
5391
6297
4121
2606
7091
8485
2573
7722
1893
3037
2128
9991
6494
1940
7412
1038
8482
7134
8896
360
4709
2704
5094
8819
5311
9237
4883
4693
3260
5859
359
7520
9927
2126
3782
3671
6072
2523
1166
576
9643
8695
9642
8458
4003
7961
8197
1409
990
198
7235
4688
2619
9332
7789
983
5818
4113
7372
365
9379
9220
5160
2839
3401
9955
992
6345
672
503
5533
9468
6429
2573
7138
1361
1661
4687
2791
2773
2377
6771
5239
1766
4904
4962
7094
8005
453
2635
1271
1980
3299
584
2348
1346
9022
8354
2703
8589
8596
273
1393
5431
5651
966
5618
2819
389
8173
592
8338
8890
1837
8915
5601
500
6514
7672
6854
8201
1133
7484
555
9092
7001
1116
4730
3309
8721
139
458
1706
593
9588
6904
8486
5771
352
1817
9106
8155
9513
2111
4553
8748
4704
8458
9736
124
6541
1906
2429
7069
117
6434
2222
6430
1936
390
3326
5290
8795
1961
4333
4975
540
8664
9421
4482
2581
1755
892
816
3658
1045
9470
8152
6086
9161
2634
1144
5835
9408
4281
7973
312
5448
618
3279
1472
4831
9450
7892
4601
5201
7730
611
866
3966
721
4660
2281
8128
8523
9862
9483
9499
1522
761
5277
2021
1684
4142
2811
5784
2678
8668
2415
7222
1904
9476
5972
7501
9832
9190
523
2235
4547
6677
3998
2403
9033
9465
931
7456
3400
4372
3028
3706
7436
3960
7692
2375
766
134
2612
2099
2618
7882
9504
6867
9558
5093
9571
4183
1472
7450
8266
1678
2663
6030
8488
974
7709
2122
1517
8980
2154
946
988
73
1716
4123
5789
4886
687
9353
9968
6825
9648
1638
1700
6056
5062
7722
5991
9141
9146
8231
2734
403
1350
9044
5239
9625
1717
1453
2989
1268
8346
5401
2412
9649
6643
8764
7990
4171
1951
8477
4725
306
8157
1562
5090
4717
6823
8635
6838
7441
943
5461
3103
4610
6809
1472
8580
4633
6570
1883
8572
8375
9695
4463
1468
5354
6112
8225
4224
1405
1990
8939
7389
292
2011
6573
1732
6569
1873
5552
1609
5392
1030
5900
2820
450
7703
9355
9655
7992
1091
7901
4690
918
849
2381
4676
283
1795
5684
3155
8789
2397
316
5278
4714
2225
2263
7952
3588
2477
946
9383
2877
5816
9140
5766
636
4088
2411
7496
5262
1880
9594
2039
2232
3384
1547
6444
2172
3141
4379
4951
6779
7227
2470
3600
3370
9288
449
8815
8775
5058
967
4362
2718
3324
7605
5629
6135
8485
6810
3487
482
1617
9881
2818
7750
4109
4642
6299
3398
1213
8688
2979
9622
1928
3411
8221
3468
9766
5153
8121
6154
2969
8216
8632
2379
9354
6552
3761
1708
7573
7935
6900
9565
3527
1748
2429
88
2919
2488
3354
6513
2083
282
416
9822
7181
5898
6284
6858
9078
6624
1174
772
6488
2814
6634
1197
5786
9603
4090
370
2192
5921
9358
7527
4146
9314
3310
6725
478
662
7377
8708
2368
3664
871
3677
9520
1907
3892
25
2109
9014
9245
1470
8361
3023
5160
1452
2277
7679
975
1698
5647
9050
7606
2327
3320
3995
1102
5094
6075
8421
488
6280
299
1708
2221
8504
716
1557
1198
9636
901
9308
7880
5344
7188
1861
4426
63
1794
69
282
7988
8169
353
3508
9333
8675
39
5716
9186
8693
9772
9927
1237
9116
4581
1085
7114
2230
794
1778
4224
6965
1784
8589
7745
2335
6022
8696
287
617
587
2145
8095
1382
4846
4048
3018
3914
61
3034
4017
4244
9634
2517
4690
5371
3587
8350
1641
1384
5401
3256
2504
7893
9092
4389
585
9028
6956
121
3859
5571
2491
9901
1900
2142
5689
1330
798
3286
3976
3206
2861
8337
7681
8508
7927
6161
7326
5335
6941
6265
4218
9447
7826
126
6710
7032
1265
4954
9790
4278
4388
9559
2491
1158
2002
8698
794
7041
1960
7118
2829
2354
12
7970
32
7730
4109
1893
7230
401
4431
818
4229
984
2646
9575
2952
2541
6513
7498
8868
8023
4585
3261
9509
2259
5866
8993
57
6294
3201
7978
2197
8100
6326
2610
6487
5136
9340
1824
3099
7876
3783
4218
9938
6388
5133
6536
8961
7374
240
5435
7750
8868
5643
670
4223
5518
907
7900
1518
1017
5856
2818
1560
6805
8148
1414
4366
798
3291
4681
4798
3592
8460
7033
6762
6528
5327
9081
1480
7793
3991
7237
9212
2213
2322
9089
2915
285
1102
4449
3505
1026
5902
3599
2158
3564
78
9400
4669
2675
6883
3576
7789
2117
182
9527
2099
167
675
291
87
495
3725
8304
9710
5809
2325
9134
232
9113
8682
139
2491
4025
9491
2824
9136
4979
3275
9583
2076
2777
4604
6629
369
2290
1695
1661
2566
1184
7730
398
4421
1984
267
3733
3220
9762
764
6430
5350
6058
4136
623
2466
7301
7414
4613
2164
9152
2691
9140
8787
2070
3884
2505
8131
616
3997
4786
1227
274
8755
6336
2490
6428
7161
11
1862
9294
1857
983
1349
9447
7280
1255
5567
6032
2335
2559
2052
7388
464
2173
7914
5571
4030
1483
569
8943
184
2718
7595
4326
5119
9427
2366
570
1742
1627
5276
4750
9993
2276
5837
8042
649
6010
1451
4976
9864
1869
6902
8031
9127
6949
7321
8952
1752
6083
7245
4015
7769
3434
3164
7044
1134
3230
4953
8819
9602
3388
4014
7129
6975
4170
2022
7641
572
6864
6220
2318
4710
8295
420
5393
2867
4193
8552
236
1171
7674
2245
5152
1895
4605
8648
20
4679
2921
9523
2624
126
6406
613
1481
9241
3
4248
13
7168
9954
2428
289
1764
8134
4676
2521
730
6027
2368
9801
3814
5399
9099
4873
2123
8063
1206
7198
4882
8685
2644
2166
3722
2113
9591
9044
5103
7494
8619
1198
6046
2807
9074
7315
551
5457
9040
3968
7252
9802
8743
8677
314
1714
7558
1668
5645
5337
7213
7641
4440
4017
6485
6368
1821
2710
3613
2339
5818
6603
9608
3204
9373
951
7141
8634
8010
8720
5711
5791
7994
1494
6871
4713
1478
2387
6814
1063
6836
4882
6727
8303
1761
1262
1580
2885
4112
6252
8400
78
4514
3371
53
6774
4806
3002
6831
4607
2947
3084
5257
12
6772
9544
2390
1949
5523
6499
5051
7323
9401
9314
7323
8486
8820
2234
2994
876
1307
6027
2278
3325
8958
2685
7323
4157
6561
8345
4791
3482
1578
859
5542
7391
6729
6551
2926
2936
5304
905
7124
7911
5299
3713
257
9847
8842
3135
6928
8238
676
9484
3865
2728
7095
6137
9923
6337
7109
4987
4117
5859
3064
6600
5566
2962
3730
4811
2549
1956
8318
1310
2419
7333
4747
4552
465
1929
5850
7941
6876
1603
4982
998
8224
9590
8740
5240
6419
8570
4411
633
2657
226
133
936
1625
491
7430
781
9013
7335
2237
8425
3151
6059
1753
7998
403
2166
2349
1170
7472
1875
775
1873
1331
2032
1118
8209
5445
9312
8522
2682
9171
1886
1224
2277
8383
2484
8510
6147
7589
2522
1068
1810
2673
6066
4116
2684
3439
2036
2715
656
7874
3158
96
3109
6681
4366
8860
7644
6768
8523
2219
2694
4403
2336
9418
646
5032
179
8673
5688
4461
8853
7300
3265
1631
5298
2356
3097
4925
1980
427
7543
8380
3827
1544
9867
1452
7720
1239
1154
4683
7666
2069
9157
8313
9889
6899
5539
4668
784
648
4945
7797
2784
9756
1743
6274
8739
9090
1725
2197
950
1910
3517
6581
8227
4744
7002
2035
8342
2167
6890
7392
6942
2897
7488
77
7974
1561
837
7683
4085
5419
856
4981
5891
205
2899
5682
1805
6886
9680
735
6858
995
812
8437
4974
7575
3531
1270
7599
5731
4620
7622
5287
6086
5566
2552
7914
7639
8195
70
4761
3297
4516
7077
6565
6750
6774
1768
4183
4871
3307
6307
7200
3387
507
7203
8652
8942
8165
9517
1981
5123
6353
3701
3141
5742
9896
576
612
5075
4278
3419
4531
4547
9486
2669
9391
5976
8414
9274
9834
5966
3109
5594
9055
2197
1459
41
2581
1540
6544
2512
5862
6481
2943
9557
2448
8062
2212
974
395
150
132
3852
6620
5992
6252
5717
5769
802
8949
1314
3150
5811
982
4490
160
5178
299
3102
7120
6322
1236
3512
3203
7810
3025
1950
8351
6432
2876
1483
5640
2087
9047
4159
7452
5481
6697
469
4987
1558
4515
5526
5563
6604
4055
877
6139
7489
5275
1978
5831
5264
1738
2219
5851
4529
1308
472
268
9100
248
1821
8147
1982
391
8894
491
1885
7930
4854
1453
1513
5630
3456
4473
1572
3615
3545
6664
8931
6875
1254
1008
1365
1705
2018
8008
6692
7514
4779
6349
4265
4078
3694
6532
1109
9610
975
2400
5101
5689
3246
9158
277
5056
3942
8783
4961
7878
1576
2063
6712
7204
9416
6452
1418
25
1046
1760
1763
5746
8431
3482
6688
5512
9717
2834
2610
7162
8924
1348
3281
3709
4774
5519
7634
8864
8658
3367
6508
1989
2193
3319
5447
6141
2249
235
470
4211
3885
1548
1847
9580
3980
2829
2153
3693
4489
8679
4269
9582
8556
9776
5600
1582
6711
2000
775
1975
4875
135
5276
8019
4603
2697
1625
1343
1137
860
1826
4238
4337
4164
3688
1441
651
1517
4699
9158
4596
809
6815
6719
6823
6089
7794
1365
6615
6257
8765
1548
2697
6968
5818
7736
10000
1421
9141
2080
297
6641
8117
4242
2648
9824
6973
9832
9426
2641
2158
9370
301
8321
80
6196
741
4666
1088
7577
192
2762
3612
9127
2292
4945
6477
7069
7719
1995
9300
2634
9543
9088
1928
824
5516
24
495
2730
5195
6338
7851
1489
3852
966
4071
4485
4622
6922
498
594
665
1107
6427
2961
7732
4956
1086
8872
152
3115
8045
597
1525
8450
7939
6439
1619
5219
7685
2493
140
8712
4426
6836
1177
8082
668
298
6682
240
6527
3256
2169
1539
5730
1216
4849
1087
36
5700
2299
3061
8729
6871
6185
9246
781
4311
1623
9914
4920
2027
2047
1835
7250
3657
188
6891
4697
6732
2433
7973
9008
868
826
1123
218
5998
7843
1700
4744
9798
2216
2464
6576
5674
7373
4734
7183
9057
7103
6501
7679
6475
1530
7586
1020
5435
8013
6971
7315
1890
219
3281
3261
126
1971
4811
7691
9331
3746
1120
4882
2040
8871
7077
9753
4533
3464
4137
3824
6684
1619
5260
1619
5366
2039
8279
3151
1503
8228
248
2629
1653
6752
6988
5629
4652
4620
2675
6124
9942
2422
5182
1145
5761
7680
6076
2764
5985
1201
950
9481
1200
5179
8823
9804
3235
9853
496
4852
3663
3625
2075
6613
6283
6040
9726
6248
7768
5309
2674
902
8175
2104
8453
5254
3993
6044
9917
8595
1413
162
7406
113
2469
2543
2173
1633
698
6852
6790
3891
642
3444
4619
5419
5519
460
5326
3511
6953
8718
2354
9280
4918
8318
7004
2720
3929
577
5247
3795
5513
9986
1705
9313
1124
6615
5416
4986
8916
7748
3985
7987
3632
1678
7938
9840
3478
5218
1894
9602
9384
1511
7145
8691
1604
9425
109
4544
6920
7112
5532
7863
7990
8681
3550
7856
884
587
2078
6849
9592
84
4872
6956
9682
461
4438
5308
3754
5588
732
2192
9163
5104
2064
5671
2976
2154
9614
1053
9551
2394
4890
4933
7395
4319
6919
311
3470
3027
4200
8843
510
4239
3749
3335
1071
6683
1648
1894
4322
2440
185
5514
92
1825
5551
2467
7090
6063
2263
2528
7028
685
7026
6549
2824
572
1754
574
9224
2792
5549
2771
4462
6186
3646
6220
7007
9214
4984
7079
5398
9480
4564
2055
4595
3219
2861
7664
7011
8010
7378
1345
7025
7163
3532
3360
1149
1176
1200
2492
3725
2416
1175
5071
5857
1966
9100
194
859
608
2214
5750
6046
3242
6919
8096
3095
2812
7140
21
186
8754
4710
2599
1374
4522
8351
1726
8091
8235
3745
9242
3938
8116
2316
6823
4110
5987
3383
6402
2922
7095
6225
7436
5875
1400
4568
8173
4640
581
3882
1243
6303
814
5514
5178
4369
6372
3317
7110
9913
1150
5
6719
6529
3629
1493
6516
7485
2721
8503
1476
5956
5197
5027
6304
2269
617
8032
5077
742
2951
2008
3833
1131
7848
8087
1763
1700
5536
2612
2384
7887
455
5940
148
5089
3601
7418
4510
6487
6705
5203
8607
4114
9577
6210
6699
1458
1461
2103
8161
9842
1097
1718
8776
980
6343
8389
7754
5982
4054
2773
7830
7670
3983
5173
240
7370
7434
8387
6876
3235
3609
8501
9243
1243
9651
791
2069
4684
100
7541
2264
1771
4338
6636
6159
8245
5619
2188
647
2296
8717
992
8366
7157
2399
8369
1500
6357
5438
584
3255
7626
9170
9379
3089
887
8515
2138
8805
4802
4462
2146
1554
1593
9516
2737
6247
323
2292
8451
656
7113
1695
6813
6320
324
4733
9392
6688
888
2679
9776
6230
2866
9189
7558
6409
5214
1249
434
5172
9677
6379
6917
2921
2996
9918
3886
3944
9000
9650
419
1792
9369
5443
2131
8661
4460
2851
1914
9587
7806
3436
9620
5794
5477
7832
4261
954
1625
9381
9289
6841
484
4979
1591
4275
7669
2511
763
1561
2763
9973
69
9085
2160
6097
3964
9764
7396
5911
7270
541
2572
2901
1660
3810
9754
9333
2218
2269
4447
3655
1893
4125
1711
526
176
2856
5924
1785
240
515
1717
6677
5343
5823
8279
9010
7214
3110
7508
4211
3838
2616
5884
1018
1488
2319
8842
755
2891
4153
2169
4031
4863
4743
1158
7812
2648
5857
7767
371
469
5165
2044
8779
8457
1856
1909
5980
9138
659
6485
5342
1496
5433
7061
4179
3656
9697
892
298
946
9735
206
6917
6095
1056
1634
7229
3255
9798
7368
5653
8562
4512
9402
2589
365
2517
2467
8024
9344
706
2094
5264
557
9643
656
7992
9531
2799
136
689
3621
2095
3670
705
9677
2831
330
306
2212
6686
4126
1463
142
2195
1063
20
5217
6937
7991
8142
8095
8956
2647
1
1141
1380
2612
7281
67
353
4119
258
3052
872
1833
7468
6512
4477
9446
329
8473
5089
6066
3617
2562
9263
4841
8585
9743
2497
8987
247
5240
8520
1464
1177
9336
3340
5801
550
2406
193
928
2932
3953
6730
6432
8492
5393
7810
1727
1724
5260
9065
3674
8843
4454
8635
1866
8626
8333
3144
5655
8537
5748
9919
714
3248
9965
9244
5559
3823
509
3092
1963
2703
4235
8591
7826
9819
3000
6517
3228
8977
8998
6459
4368
1390
7874
6176
8274
3321
2420
8308
9585
2590
2473
8313
8644
734
3822
8300
1383
1268
6223
4469
6400
4699
545
9164
4375
8399
8365
7231
6085
2178
382
3378
6956
6416
1694
9622
4583
5908
6635
8445
2067
9500
624
733
5743
9291
1505
6275
2464
9038
3750
7146
2264
5809
3804
2188
296
402
104
5687
211
7013
1614
2484
5477
1066
8209
1348
787
7997
2652
7804
1317
45
528
7155
1346
9103
1279
4426
6618
8035
5176
3051
8122
6823
8132
9652
7804
6746
7489
7798
1597
6468
860
1929
5363
8933
9300
8371
8494
4027
8109
8889
2477
4215
7635
6660
5333
8722
1215
3336
6894
76
2174
2593
7551
3062
4688
7343
4971
9265
2143
4116
1243
9126
5025
890
1742
5591
9199
650
7086
8502
9383
763
389
3988
9743
1272
896
2300
5355
6310
6035
6194
7072
6980
5741
3750
602
9299
637
4542
3579
9832
4533
9171
5285
2335
6671
3066
26
18
9261
4293
4354
5211
1284
7787
2541
4886
1772
1286
6473
443
2641
9403
4550
3131
5662
2640
1736
584
6731
73
893
7546
6324
3619
8784
3023
9133
9828
1789
2947
1026
1570
9638
576
6627
7716
6837
8807
2240
2726
6082
6624
6081
6401
1640
2607
3594
9082
5459
2823
413
874
3837
7267
3088
2318
1402
2435
7808
6335
4080
548
3398
8868
586
6227
9273
631
3023
3443
2660
4806
7198
1229
1578
1403
3261
4375
6359
8030
7875
360
8537
2873
1747
3643
6303
716
3290
3842
2768
6722
1610
6877
1776
7555
4056
7019
9006
7068
2146
7681
3937
4700
4341
4425
9588
4001
6686
6508
4095
7266
3824
4098
6585
3982
6310
3193
3531
8789
569
7077
3782
2644
9748
2327
6568
9063
8406
4369
5307
2315
4839
6745
286
6258
7999
7404
9192
1306
7075
7253
250
4640
2418
3198
2500
8561
5407
5382
2875
3185
863
7459
3081
1135
7910
3002
8726
3193
7965
717
4582
5340
2391
6036
6467
623
163
5151
7469
9648
9172
5035
6046
6367
5968
611
3922
2954
8198
1545
1287
5080
532
1333
1522
9514
8936
1341
5283
9807
5797
6758
169
4327
2903
2826
7785
1770
1563
8138
123
6266
8377
7382
4325
1494
1059
4778
9884
9953
7267
7659
5192
1250
4672
6067
5192
6013
5249
5497
1046
1602
2005
1445
2332
3908
5138
7330
2855
6509
4429
629
2554
3152
9673
1997
7398
6367
3011
699
9113
8798
7550
2644
2629
4072
2650
2820
8803
848
2699
2725
2439
6875
4359
3057
5494
3468
2975
8869
9141
15
2497
7910
9859
8746
5934
8456
1962
1233
5880
1629
7266
714
6334
8987
2183
3216
7035
3777
2299
683
8412
7690
5359
9520
3201
2595
9311
533
2645
4170
6347
7528
9937
3528
1293
704
2382
6513
6952
8100
5226
4616
9693
603
8797
424
5748
2260
4668
6609
9785
6935
2941
2464
7317
730
9308
4850
2063
2921
2733
7370
258
9888
724
7585
273
3131
2130
557
152
112
2576
2198
5908
8123
2465
1492
2998
6538
1122
5549
2292
6394
1958
990
3601
66
7728
1175
1727
9358
2479
12
9969
5231
4801
5674
8213
2113
7873
9623
7122
3245
963
700
2351
6608
2755
5207
6916
2524
712
3084
2245
8909
3486
157
2812
7151
2244
106
8742
7790
707
8282
7889
61
3617
7178
2387
7419
2965
149
2271
3539
4923
3013
5156
8612
4666
3688
9335
9520
6485
5495
2834
2472
7903
5956
9629
7208
5378
7810
2172
8143
1361
3001
4201
9250
1820
2505
5299
802
3108
3215
2246
5403
496
1974
4621
5901
1088
3696
1558
4128
2992
1782
3109
7060
3471
4556
972
1063
8384
407
6314
1259
6272
9635
5169
9431
1098
7553
8076
3228
6359
7310
2544
539
6922
9754
738
9461
2795
4935
2041
4083
6290
5808
1814
1863
6343
6764
5378
6835
6791
5043
6854
5497
2394
3824
7601
1138
1874
312
7077
9347
5894
5562
1971
9020
4945
4007
3193
6723
148
8980
1481
9953
8403
8621
7387
5291
6719
8029
1926
1012
2095
8187
9179
2896
3493
3079
1618
2204
542
8726
2825
5789
5545
1274
4345
983
2348
8949
300
4335
8627
9279
1117
6834
2859
7830
2430
9430
991
1206
4704
2914
4528
6266
5598
4714
6762
5089
5115
3294
4996
7300
2765
1172
5960
4087
7866
4930
4580
7053
5602
928
1600
9457
3805
3726
1921
7603
9239
1122
5134
9328
2184
1925
8593
2262
5353
1422
1744
9413
4836
6206
1869
1561
8507
2254
5674
9352
7436
9430
9665
9047
4036
6048
2019
3314
7409
9693
9359
2059
7036
8118
245
8995
5079
8565
1996
5719
1843
7172
337
5788
8070
7270
2065
2526
6891
3317
1112
1526
5113
348
523
2218
5769
3990
3491
985
3106
1095
4907
4647
9207
5690
9772
8054
180
7882
9479
3366
3701
3636
2323
3054
9880
1181
9687
539
6147
5088
5514
8008
2425
219
5417
9343
9593
5499
1978
8319
5383
964
5342
4303
1599
2789
5051
7921
4824
524
6219
6795
950
630
7071
2994
1410
2698
3113
1431
1437
4743
5544
5303
2514
6106
3045
4222
3996
7765
3022
7499
2041
1324
7872
9290
1453
2049
2538
190
2425
5507
9968
317
7774
5491
4605
2033
4349
4951
6685
2059
4848
8674
7450
91
6302
675
837
9981
9931
2733
5591
3654
1422
8103
3977
5056
5704
6389
1041
9395
1409
1911
3373
2036
3589
9233
69
8466
3695
1131
1788
3070
933
2489
2599
923
8020
6653
498
9703
6973
491
1007
9320
9648
4526
6640
1914
984
4105
1719
3640
9048
1649
1660
8314
9204
9321
2655
766
7763
30
7470
3369
5635
1012
249
9295
2445
7904
2468
3026
7162
1416
7405
3368
4455
2183
7582
5664
8085
1014
1925
6742
3157
9463
483
9301
2354
7971
514
2044
5406
7736
2587
5652
4594
5515
9238
5809
7664
2820
3154
615
2235
4026
9112
382
1354
9964
4491
7593
7496
6610
7523
1620
4864
5699
2539
6173
3239
8312
8615
53
3258
1473
4730
8102
7610
3718
3527
8470
5077
929
3238
4157
2551
1594
4505
4052
3633
5123
9327
8318
1096
2374
569
1371
305
3531
3724
1131
6220
990
7046
7184
2334
1297
4692
2695
9716
8094
499
5465
6628
1823
2134
828
934
3841
8152
1007
3428
7750
18
3943
3230
3466
2703
6499
7232
8969
1437
1862
7048
4799
1015
8774
355
1792
305
7969
1799
4793
1588
4080
7574
7926
7995
9902
2673
9702
8669
6986
651
7995
8764
7130
7936
9799
3452
6611
1174
3620
120
8151
9475
6050
850
9263
9423
1446
5369
5177
9979
9184
6112
1779
6482
1726
7709
601
8911
1792
5327
7899
1295
7148
964
3266
7880
4963
4697
4260
971
6387
9107
6966
8646
4734
1998
498
9420
6043
2420
2138
7305
3084
1280
3435
9697
9616
9668
5941
6024
249
9752
4298
1896
8256
1827
7061
958
4535
3438
3869
3237
80
3079
7370
3864
61
2260
4504
770
9736
2730
2153
984
5827
3884
5792
2409
2514
999
5499
4549
6120
8686
1376
6764
1039
1457
8716
9224
5004
1795
39
3438
9266
4380
3916
6897
7686
92
9640
7208
6739
7378
2321
2384
2127
1372
5769
2052
4173
7568
1570
4717
2437
3994
1733
9061
4209
5302
2222
8896
3145
7008
6474
4813
9649
2394
4947
6441
5249
766
2747
8550
1333
2341
6296
874
4214
776
2159
442
9482
9509
5780
920
5911
2659
5376
9722
5918
6473
9828
5886
1109
8669
9821
6683
6997
2473
4296
2585
6838
210
4232
9620
8935
3403
7686
1677
8002
9783
1161
1633
623
159
2470
7246
776
4019
4185
5764
3310
5124
4805
8568
1338
4257
5832
3375
2678
4240
5123
3416
5757
6704
216
4091
5023
2316
6660
5249
4154
130
6384
8531
2614
7125
2546
1944
9407
8065
218
1977
4665
7373
6986
3944
9951
3605
3204
833
3660
7752
6075
111
4526
3647
5923
3409
5143
2336
9946
3439
1478
9745
3307
1816
8837
3985
5168
2957
1700
1604
168
9236
1095
845
8922
8709
3980
4433
2505
2777
1439
2873
6824
4613
2113
6792
9520
2337
438
2686
1455
7789
9070
3372
355
5478
2742
8585
3288
7926
8464
9333
5374
6186
6544
4668
9726
2024
3513
4045
1710
704
1415
5435
8067
7490
9470
9779
5511
1712
419
6863
2732
6774
6938
3643
7824
6823
7840
7510
5345
3114
2489
3836
1810
325
7789
1169
9534
1672
6782
7632
668
4957
3517
7237
1524
9006
8461
8600
6882
4616
1896
7099
2504
5791
1538
1077
7881
6466
1547
545
9107
17
8552
7280
5628
4156
1668
6950
3969
669
1235
5508
4938
3656
1575
7121
2706
6354
5703
7134
182
1280
7276
1594
3292
9938
6846
5780
5638
2800
3039
7279
5063
4291
2341
2491
4853
6263
8926
7345
7983
3423
6304
3103
3649
1002
8415
4357
8150
6421
7026
1615
2142
8641
1799
2820
6944
8470
4982
206
849
296
2628
507
7493
1289
1529
6339
7685
5775
2068
1963
9250
4039
7869
5434
8873
1738
6299
8026
7112
7487
1943
625
2431
5250
3537
9216
8027
7572
5586
3004
2367
3970
690
1755
4468
7754
3002
4657
4195
7899
1964
844
2000
3548
1026
8173
89
1152
6485
7640
942
297
4719
6173
7060
203
8930
3496
2133
354
9210
4101
1995
2150
3201
6825
9549
2894
5634
7325
1864
2851
5088
1068
5953
9911
87
2111
8650
5077
6899
9751
947
9754
528
1547
2211
372
8946
4338
1415
5162
1159
4083
8939
6477
6201
251
2855
78
6439
2111
8347
2464
7975
8450
158
8014
5813
4858
3315
960
7231
6878
3293
458
9300
6226
8709
4246
2922
9159
745
3428
7647
1420
1511
3598
1330
2538
2763
5137
9955
1902
7637
809
2760
4776
3614
2443
5410
7444
252
5721
5536
278
1333
3938
4642
2044
4785
5320
8560
9647
4322
4582
2411
6937
968
1778
3060
5693
8672
5295
7165
7476
6669
806
1645
6100
186
1942
840
486
271
665
8237
2711
4978
5881
2145
7647
3311
7635
861
689
1835
2218
2868
1042
7670
7055
4232
5998
1007
4705
5501
3655
9788
3151
2429
4447
8154
2181
7741
2488
6050
6567
6288
1209
5165
4439
3851
7876
7337
1309
4889
4214
6764
6856
2880
2031
2152
6016
2212
163
8448
9981
1610
4224
442
157
1280
577
661
8530
971
4306
3213
8587
9008
468
6621
6389
3783
1619
6244
9776
9613
8119
844
5942
8297
1624
9591
1322
2738
7477
6234
1902
8590
7015
5022
839
6126
2289
6340
517
1832
1915
2025
4125
1317
4992
2331
6505
6877
3956
5131
4244
5759
9034
9603
3854
1414
52
2570
6183
4376
2124
7861
2633
4288
7747
1793
1366
1567
585
4846
7364
9150
6412
4622
2198
2663
8020
766
8190
2821
4014
964
1999
729
5095
6826
1896
3743
3740
5546
4349
1296
8096
5083
5112
232
30
3658
145
6731
7967
4092
7993
7124
4013
547
4061
6398
8761
9727
4537
519
1579
5351
875
914
3176
89
1066
3243
4232
8686
5655
4960
5353
3441
8130
7166
7054
6466
1664
6346
2908
5781
9947
242
6054
9520
9819
5939
7927
5270
1108
2555
8785
77
2016
6609
8883
7991
3758
2628
9888
2959
4938
738
8126
2274
176
2283
7132
2400
3723
740
920
5410
6003
1136
3455
367
2887
1996
7734
4474
9318
3497
121
6030
4340
8176
9330
4621
363
5521
6956
581
8656
5757
1080
3636
6664
1989
9232
9357
4667
7538
3482
6731
3096
7190
560
4854
1689
9186
3598
2676
8583
1594
3499
7041
5617
8806
3131
626
7130
7530
2339
103
5505
8281
5919
8911
5476
7445
1906
1568
3383
8266
8044
8983
5090
2236
1296
3853
3497
3885
742
9003
9712
2612
3646
1583
4158
4523
2103
7679
1
711
9759
7485
8563
6637
5851
4972
5884
7955
6057
6210
2071
8981
9092
3503
5545
2090
1944
8413
6128
9142
2055
3608
3208
464
412
9999
3284
9719
5101
2940
155
1872
822
6096
384
4755
4516
2483
6854
344
6014
5099
1780
1340
7083
1578
2182
3480
9440
6989
7941
9763
3001
4898
6504
6583
1531
42
698
3314
6951
128
7389
5966
5025
6712
2367
6626
5361
3131
1516
2346
153
1922
261
9829
8441
3825
6880
654
304
7142
608
8926
2244
7842
3958
3311
7092
9640
3576
8132
1211
1219
8433
5463
8679
4749
9225
4611
2267
6861
5462
6451
274
3312
5186
7306
6630
6347
9520
8773
8944
9376
9114
5405
1648
128
4092
4978
5071
5824
3478
1525
178
1982
2478
3748
8754
7494
3444
8364
8922
4640
5674
8825
4993
5004
6468
6690
8313
1809
5836
4979
2119
8834
6218
8042
5652
6003
5122
2358
259
8570
1437
9213
5956
3673
2876
1726
4568
5179
3594
8678
2214
3997
8834
7622
9118
143
4562
964
4428
2827
4030
5633
1710
2533
760
8508
9129
739
7726
981
3642
9727
2868
6980
5545
4107
2676
1211
3330
7141
8787
873
4999
7947
1318
7441
8736
4816
6004
8714
4645
9648
1998
776
7485
7664
4892
4075
1224
7865
8442
7286
3018
5783
8195
8979
2984
9357
9085
3237
4600
5660
8678
4173
9940
531
6428
2098
592
1448
3411
6891
4605
6936
6258
7966
8796
6060
1311
4847
9815
1933
1805
9697
1308
633
1155
9424
6587
6518
3471
818
290
4887
9003
9563
135
2349
6094
1856
2086
2639
1638
2511
4220
8685
1332
141
5651
6961
3256
6527
8750
4055
976
318
9320
1118
8795
2596
5096
943
5203
3420
200
3614
3274
9161
8486
3952
3011
8965
4666
5628
7157
9886
2137
2676
364
524
4874
8710
7280
2117
6151
829
1578
1540
214
4878
8708
6680
1528
7312
9504
9721
9249
811
3852
7921
2794
7988
5732
2120
3204
7832
1448
7232
5742
9416
6192
8786
6712
5363
3246
5753
8872
7114
8931
1133
9501
800
1796
1619
403
3024
6830
2083
4710
4548
5336
3625
6203
2595
5272
9233
9387
8538
4840
7293
1153
5966
1354
2745
8230
2849
4330
8865
2506
7092
6979
8849
6118
1340
2277
8492
4976
9272
6262
385
1743
8609
3942
4123
2288
6930
9575
1896
5560
1675
5436
3949
8763
417
2545
3272
7148
8968
8716
1254
1381
7667
2131
9190
3050
4667
4910
8445
1705
8271
4878
5419
5092
3115
894
2862
6131
1180
745
9221
6419
1346
1885
1144
9396
6343
3390
2151
3538
1695
6205
16
1329
2305
490
341
3935
821
7768
5453
6852
494
8385
7193
7389
1130
6265
1658
1546
2087
3351
1233
4548
6296
1681
2887
3683
6648
9976
7614
9823
9183
4372
3383
2454
5491
9553
4166
7533
4481
6698
9091
9882
2972
2180
467
6385
4821
7903
9622
6622
9115
6120
9938
9347
7141
7330
1552
5458
6958
9783
9877
9085
3151
1338
4116
2523
4436
9278
49
4958
7736
9164
1769
1763
994
1361
913
4954
2068
4198
8700
5415
5521
4708
1025
3639
7440
184
9580
2823
9454
7219
5604
1218
3800
1301
8877
6345
1209
1019
1055
2440
7313
4871
1494
2199
8103
2415
3419
1086
7088
2392
6435
7948
8353
1700
471
2602
9857
3833
5012
9851
7346
9157
3443
9543
434
6239
8860
3000
2301
5824
9462
8564
117
2369
802
2397
1636
7062
7625
9590
7041
4732
8739
4055
146
6607
6858
994
7233
9023
8718
9350
9330
3860
8490
4196
2532
4208
855
2000
1830
7203
4000
5338
2155
7989
1669
5070
2721
8415
4084
1465
8191
2315
6052
1230
9997
8637
6292
4232
9816
3202
4404
1168
7894
2057
9522
5968
8678
3806
7256
9897
3868
62
5379
8818
2380
4136
2295
3363
2437
6513
8098
7297
6977
1243
7182
9546
5257
1159
6859
83
6957
5432
1373
5584
2085
8634
2833
5237
402
6947
6053
9210
3512
6233
761
2948
8848
996
2017
2994
6729
1093
8652
20
7247
3702
6538
6739
1535
7236
4793
8669
953
5323
1760
9920
903
5409
5632
265
1101
3318
9768
8429
5186
4474
3753
2327
2558
7600
1305
115
4260
8817
6715
3227
4722
7956
3054
7585
3766
6860
1077
764
8740
3027
4999
4694
5445
1126
9880
4437
1586
1456
4824
5848
6033
8779
2714
1141
6383
5220
6856
2384
4719
3279
6933
7326
5298
4508
2339
2827
9607
4184
5910
9497
9125
2006
4425
4699
2295
4223
5679
3489
2839
7672
4941
196
4222
6227
6918
5924
7834
9513
4807
1727
1585
4999
5940
613
9510
8246
1762
7482
7738
3055
5942
7580
8324
9038
7902
3462
3524
7302
6191
1045
2180
1590
6671
4472
7248
4667
388
1101
1832
8374
8588
505
2131
8655
9582
2040
6998
6298
4289
2535
3398
7017
7036
8381
2730
8674
1662
6017
3301
2659
9951
312
9874
6147
4934
414
2560
3338
828
6215
3472
3011
8928
886
3581
4161
157
142
5884
1873
4026
7703
84
1007
1504
7620
607
1547
4769
594
1281
9516
246
2387
825
4821
1946
1260
9701
5640
5158
5932
6955
6249
460
1006
5254
52
1944
3040
622
8722
2371
4213
9547
9655
874
6136
4858
1599
9119
5235
2609
1259
6814
6254
4576
1638
1059
3451
5400
4670
2282
4498
3889
383
7879
4969
1959
4561
135
2278
3076
6677
790
2024
100
7291
8658
9891
1332
553
6672
5642
7292
3735
1374
481
8079
9470
153
467
1249
5986
4784
9586
8825
6557
3176
1150
2295
8383
4674
8984
8055
3347
1882
5367
5542
2403
2048
7195
2212
3438
524
7327
9755
4185
9326
8756
5696
3428
5476
1756
4327
3774
7232
5684
2651
6460
2249
6662
351
838
1953
2174
3934
2418
8310
1675
698
3174
7453
7016
2627
4136
8300
1772
9286
2312
8054
2655
888
240
8877
1038
7203
4682
642
7936
6433
7859
2753
7354
9542
3711
348
5983
7571
8125
2804
2652
9719
1948
3263
2372
2345
8766
8758
6424
7892
9212
8622
8873
2834
4410
2266
2464
1772
2285
8015
8302
8640
6298
9016
7807
8773
8480
9147
1365
2155
2473
6459
5970
6710
7997
4319
5238
5773
2296
723
5770
8606
8445
9614
923
7044
3755
7620
7227
5419
1551
6029
2165
2387
633
4358
4112
7971
5251
2390
5462
1056
9088
3203
805
2335
3058
1910
8869
1959
239
3084
267
1019
7732
4990
5741
4742
3866
820
5255
9319
5448
582
4494
2656
265
8771
1092
8089
2128
565
9467
7818
3833
7028
7836
5513
258
6538
7178
129
5882
5863
6339
2980
4488
1767
2615
3489
9183
9504
5212
5673
2801
9552
5377
143
7905
4007
7842
1103
302
608
7995
2321
1421
294
3713
1725
2421
693
1965
4144
1361
6382
7450
592
289
2335
3185
1021
4691
2450
4498
4937
7665
4501
2790
9113
2346
8490
1123
2780
4501
1440
5248
7387
7106
2657
9354
1938
2068
7773
1846
6975
2125
7560
263
984
9176
6607
4210
5249
3149
1265
2016
1358
8256
8971
4293
2310
155
9636
3039
9913
5309
1195
3312
483
6691
2141
8880
8145
342
1468
6092
67
3093
5148
8483
611
3812
8176
3107
3190
3397
4852
8176
7440
9718
5724
8101
8813
1212
8765
3358
2013
5775
8922
3860
3711
9285
9603
3450
6129
9155
841
9097
8439
9105
500
6247
3114
2094
9848
1341
2035
7588
3253
6584
9481
4124
1199
9247
5111
8709
7262
6119
7921
338
1190
6452
6584
7314
8729
7426
9931
740
9707
7603
49
1705
2263
4729
4229
3308
6417
3797
849
5648
3803
5121
2030
3242
1051
6188
635
3615
6573
6868
7500
5902
8245
8536
485
3745
3272
2206
151
864
3868
707
7497
6822
2989
1073
5179
9208
3585
7718
1640
6356
2206
3171
3434
2998
8458
6961
3922
5745
9284
7115
6103
9068
6785
7144
9742
4858
8121
9623
7340
3919
35
5393
793
2623
6990
1161
981
2937
4578
2695
2751
725
4230
6085
291
6250
1971
4729
8147
9923
5273
7109
2874
2291
1025
7195
557
246
2690
1317
6915
1225
2440
3764
1814
6125
9714
7911
7674
2872
3531
6207
8238
1389
1243
7952
2993
5549
7662
539
9431
2590
22
4138
748
1563
557
5962
3768
4508
7533
6592
1475
1031
691
278
2618
2119
9441
1909
6787
3244
6563
8087
8494
1523
7445
7133
7421
376
5283
2254
5765
9657
9073
8689
8149
3196
2492
5837
7623
3860
497
7327
5717
6816
4684
7277
9901
4245
4515
6313
9176
9053
9012
3287
9623
9311
9868
7954
8783
7137
6570
1163
7015
1420
6340
9988
63
1503
3160
4332
7779
5063
5029
8604
9824
5149
7995
9458
2231
8383
8880
4715
8416
8388
2661
4647
6832
4554
8377
9015
5006
9171
6940
8138
8754
5952
8566
1529
4191
7723
2568
6847
4531
9883
179
1469
2237
3364
3417
6637
1118
2030
9313
4981
4643
7336
8510
1822
5506
2059
5666
9350
578
1203
6559
1939
2896
9100
2558
5545
336
1721
7172
5597
2817
8939
594
4011
723
191
2956
981
7181
7689
5420
941
9018
3377
4007
7894
132
5483
2800
565
8245
8731
6508
6445
4297
5560
3494
236
8248
4128
948
8992
4978
6156
2682
286
5771
8518
5069
5316
3978
3944
2410
701
957
6455
1352
8293
911
3488
8140
1934
1773
338
5388
2354
6917
7804
1077
841
7007
8664
6016
6718
768
472
9523
3085
4429
3696
4661
2048
4174
2692
1092
8331
899
7907
890
8036
4379
820
8412
6999
5954
2608
2709
6552
426
1617
1683
3034
1182
4281
2017
4656
1811
9670
1493
6706
9232
5237
4154
8706
3376
6372
4032
6640
309
5996
3251
27
2783
8303
7642
3576
6605
7982
7200
9976
8067
6094
680
6757
1901
9628
9501
5501
9907
2079
1800
6947
2045
9581
1350
706
3529
5200
3240
5475
1674
4218
7212
7825
4707
8999
988
5451
3333
9667
2342
6986
8790
3644
108
6227
5779
9208
3773
2607
1494
3802
2020
5577
4683
5633
7103
3048
5056
1009
2483
5118
1275
4694
6301
1808
8913
4822
3676
2375
4003
6727
2526
1525
6187
1681
6536
6092
457
8293
3818
8908
4887
2559
8257
5868
8291
919
4879
1387
1950
638
3896
2887
6416
2007
495
7470
4334
996
993
5603
4735
691
1359
5427
2956
2008
2130
5272
7366
780
602
5230
1340
5542
520
2596
2268
5434
1196
965
1146
4239
2449
2071
7120
2134
6216
8196
6245
3287
6595
3432
8208
14
7203
106
7502
5894
4659
6959
1731
7492
8775
7514
3982
7096
3343
968
7039
8863
720
4908
6989
5277
3173
1926
2739
3513
4642
2490
5628
5241
4201
4590
5359
80
2097
7635
4572
6229
1956
4776
8727
1717
4967
1291
3348
8268
2399
1538
4052
2288
2866
8697
2927
7759
2236
1516
3651
4282
5091
1208
5339
2017
3133
2077
5379
433
7297
9670
1851
908
219
2156
8395
904
5028
5512
1846
4490
7889
2520
5778
3716
3498
5700
2583
1773
334
337
5717
1200
7173
325
107
1016
5542
4860
1253
3082
507
8523
1670
6675
2946
195
727
9428
4020
3176
2062
8971
1147
3635
5714
6388
2160
8868
9757
7951
9299
2156
8596
724
8639
8170
7604
8484
6412
8949
9757
4194
8647
3321
995
819
1999
9797
2274
1361
7921
3476
3986
2694
6343
8875
5611
2167
5916
1811
4587
4702
8259
9478
5733
4541
1993
6496
4605
8448
3559
782
3154
4098
3389
3850
1434
5635
2076
602
612
2168
226
2421
6714
8259
7707
8199
3782
2613
2742
487
150
9281
4710
775
3299
2963
8954
1100
3598
1009
3168
3840
7500
8353
4549
5012
2004
5035
5167
2681
1574
9776
879
8368
5055
507
2305
304
4026
8982
9830
3209
4169
3953
3444
4327
9556
5999
2156
5673
641
6817
5949
7570
7108
3911
9463
1296
1897
3475
7170
1451
2016
6273
736
5872
152
3125
5568
8159
3936
6691
9124
6177
9002
2596
390
6078
5488
7815
8982
4558
7499
9831
3751
158
2850
1884
6379
5078
3872
420
8508
4456
2586
6211
941
763
3327
345
224
7930
2128
851
6249
5175
1649
1332
8770
1779
5873
7814
3264
1682
7815
1787
8487
6826
3853
1385
5530
6621
1938
6950
7973
1816
9418
5535
782
5067
3305
9711
7369
2825
5473
3503
507
9410
2055
2361
7409
4848
3740
4017
819
3326
2635
3270
7667
464
4734
7381
9130
3007
9206
9151
4421
2387
7979
9884
7067
4854
688
6544
931
2022
4635
845
1491
4907
6500
6729
732
4043
8683
6914
1141
3658
4879
9871
8868
3766
9437
7304
3076
4738
7893
1961
2308
2688
9219
1827
4748
2389
9020
2243
2134
3432
1303
8775
6938
8347
1439
7726
3225
3021
5782
